# Created by Octave 3.2.4, Sun May 13 16:26:46 2012 IST <anant@anant-Inspiron-545s>
# name: x
# type: matrix
# rows: 1
# columns: 14
 3 3 1 2 3 3 3 3 3 3 3 3 3 3
