# Created by Octave 3.2.4, Sun May 13 15:43:28 2012 IST <anant@anant-Inspiron-545s>
# name: x
# type: matrix
# rows: 1
# columns: 20
 1 2 2 2 2 2 2 2 2 2 2 2 2 3 1 1 1 1 1 1
