# Created by Octave 3.2.4, Tue May 15 01:37:54 2012 IST <anant@anant-Inspiron-545s>
# name: x
# type: matrix
# rows: 13
# columns: 1
 1
 2
 2
 2
 2
 2
 2
 2
 3
 3
 1
 1
 1
