# Created by Octave 3.2.4, Sun May 13 16:32:03 2012 IST <anant@anant-Inspiron-545s>
# name: x
# type: matrix
# rows: 1
# columns: 15
 1 3 1 1 3 3 1 1 1 3 1 1 3 3 3
