# Created by Octave 3.2.4, Sun May 13 15:30:21 2012 IST <anant@anant-Inspiron-545s>
# name: x
# type: matrix
# rows: 1
# columns: 21
 1 1 1 1 1 1 1 1 1 2 2 1 1 1 1 1 1 1 1 1 1
