# Created by Octave 3.2.4, Tue May 15 09:58:12 2012 IST <anant@anant-Inspiron-545s>
# name: out
# type: matrix
# rows: 60
# columns: 1
 1
 3
 2
 2
 3
 3
 1
 1
 1
 3
 1
 1
 3
 3
 3
 1
 3
 2
 2
 3
 3
 1
 1
 1
 3
 1
 1
 3
 3
 3
 1
 3
 2
 2
 3
 3
 1
 1
 1
 3
 1
 1
 3
 3
 3
 1
 3
 2
 2
 3
 3
 1
 1
 1
 3
 1
 1
 3
 3
 3
